SPEAKER         id       #SENT      #WORD       Corr        Sub        Ins        Del        Err      S.Err
F100373309      raw         56        628        553         13          3         62         78         25
F100373309      sys         56        628      88.06       2.07       0.48       9.87      12.42      44.64
F1012955553     raw         59        764        629         43         24         92        159         38
F1012955553     sys         59        764      82.33       5.63       3.14      12.04      20.81      64.41
F1013534506     raw         17        245        245          0          8          0          8          3
F1013534506     sys         17        245     100.00       0.00       3.27       0.00       3.27      17.65
F1020274925     raw         22        214        202          1          9         11         21         13
F1020274925     sys         22        214      94.39       0.47       4.21       5.14       9.81      59.09
F1020908774     raw         26        268        229          8          3         31         42         12
F1020908774     sys         26        268      85.45       2.99       1.12      11.57      15.67      46.15
F1024651750     raw         11        179        177          1          1          1          3          2
F1024651750     sys         11        179      98.88       0.56       0.56       0.56       1.68      18.18
F1047222920     raw         46        446        403          4          1         39         44         12
F1047222920     sys         46        446      90.36       0.90       0.22       8.74       9.87      26.09
F1055725605     raw         11         60         60          0          1          0          1          1
F1055725605     sys         11         60     100.00       0.00       1.67       0.00       1.67       9.09
F1073596912     raw         11        151        135         15         10          1         26          9
F1073596912     sys         11        151      89.40       9.93       6.62       0.66      17.22      81.82
F1077368918     raw         12        330        297          3          4         30         37          7
F1077368918     sys         12        330      90.00       0.91       1.21       9.09      11.21      58.33
F107889307      raw         21        219        195          5          3         19         27          8
F107889307      sys         21        219      89.04       2.28       1.37       8.68      12.33      38.10
F1081051811     raw         20        250        250          0          6          0          6          2
F1081051811     sys         20        250     100.00       0.00       2.40       0.00       2.40      10.00
F1088280285     raw         13        321        315          4          0          2          6          4
F1088280285     sys         13        321      98.13       1.25       0.00       0.62       1.87      30.77
F1103192869     raw         21        207        203          0          2          4          6          2
F1103192869     sys         21        207      98.07       0.00       0.97       1.93       2.90       9.52
F110669528      raw         26        189        156          3          8         30         41          9
F110669528      sys         26        189      82.54       1.59       4.23      15.87      21.69      34.62
F1109779112     raw         27        240        135         68         10         37        115         26
F1109779112     sys         27        240      56.25      28.33       4.17      15.42      47.92      96.30
F112547071      raw          1         17          2          1          0         14         15          1
F112547071      sys          1         17      11.76       5.88       0.00      82.35      88.24     100.00
F1133235623     raw         47        480        444          3          2         33         38         15
F1133235623     sys         47        480      92.50       0.62       0.42       6.88       7.92      31.91
F113728088      raw         14        158        135          6          2         17         25          5
F113728088      sys         14        158      85.44       3.80       1.27      10.76      15.82      35.71
F1154737934     raw          7        313        301          2         15         10         27          4
F1154737934     sys          7        313      96.17       0.64       4.79       3.19       8.63      57.14
F116249916      raw         27        267        238         18         10         11         39         11
F116249916      sys         27        267      89.14       6.74       3.75       4.12      14.61      40.74
F1188958280     raw         42        544        413         40          9         91        140         35
F1188958280     sys         42        544      75.92       7.35       1.65      16.73      25.74      83.33
F1224686962     raw         33        225        210          7         14          8         29         12
F1224686962     sys         33        225      93.33       3.11       6.22       3.56      12.89      36.36
F1240551525     raw         29        336        308          9          4         19         32         15
F1240551525     sys         29        336      91.67       2.68       1.19       5.65       9.52      51.72
F124679816      raw         42        549        497          8         13         44         65         16
F124679816      sys         42        549      90.53       1.46       2.37       8.01      11.84      38.10
F125301051      raw         13        203        193          0          5         10         15          6
F125301051      sys         13        203      95.07       0.00       2.46       4.93       7.39      46.15
F1257835311     raw         18        106         99          3          0          4          7          5
F1257835311     sys         18        106      93.40       2.83       0.00       3.77       6.60      27.78
F1261578186     raw         30        255        223         29          5          3         37         14
F1261578186     sys         30        255      87.45      11.37       1.96       1.18      14.51      46.67
F1274311183     raw         28        274        259          5          5         10         20          9
F1274311183     sys         28        274      94.53       1.82       1.82       3.65       7.30      32.14
F1277729225     raw         13         80         80          0          3          0          3          2
F1277729225     sys         13         80     100.00       0.00       3.75       0.00       3.75      15.38
F1281071958     raw          9        273        141         45          2         87        134          6
F1281071958     sys          9        273      51.65      16.48       0.73      31.87      49.08      66.67
F1283511112     raw         18        163        147          8          8          8         24          7
F1283511112     sys         18        163      90.18       4.91       4.91       4.91      14.72      38.89
F1290795747     raw         28        341        332          3         10          6         19         12
F1290795747     sys         28        341      97.36       0.88       2.93       1.76       5.57      42.86
F1290860162     raw         20        188        169          4          1         15         20          4
F1290860162     sys         20        188      89.89       2.13       0.53       7.98      10.64      20.00
F1299168138     raw         19        139        127          1          5         11         17          7
F1299168138     sys         19        139      91.37       0.72       3.60       7.91      12.23      36.84
F1306045770     raw         29        492        375         22          7         95        124         17
F1306045770     sys         29        492      76.22       4.47       1.42      19.31      25.20      58.62
F1311369392     raw          8         84         74          3          1          7         11          4
F1311369392     sys          8         84      88.10       3.57       1.19       8.33      13.10      50.00
F1331636198     raw         18        302        274          1          0         27         28          7
F1331636198     sys         18        302      90.73       0.33       0.00       8.94       9.27      38.89
F1333052864     raw         50        903        735         40          7        128        175         41
F1333052864     sys         50        903      81.40       4.43       0.78      14.17      19.38      82.00
F1336354980     raw         22        282        278          2          5          2          9          5
F1336354980     sys         22        282      98.58       0.71       1.77       0.71       3.19      22.73
F1339305177     raw         26        280        231          7          2         42         51         15
F1339305177     sys         26        280      82.50       2.50       0.71      15.00      18.21      57.69
F1344811557     raw          3         85         67         15          2          3         20          3
F1344811557     sys          3         85      78.82      17.65       2.35       3.53      23.53     100.00
F1350349314     raw         27        282        200         27          3         55         85         18
F1350349314     sys         27        282      70.92       9.57       1.06      19.50      30.14      66.67
F1350989719     raw          5         90         87          0          2          3          5          2
F1350989719     sys          5         90      96.67       0.00       2.22       3.33       5.56      40.00
F1351316564     raw          8        179        137         13          2         29         44          7
F1351316564     sys          8        179      76.54       7.26       1.12      16.20      24.58      87.50
F1352873680     raw         25        325        323          1          4          1          6          4
F1352873680     sys         25        325      99.38       0.31       1.23       0.31       1.85      16.00
F1375207736     raw         31        263        226          3          0         34         37         10
F1375207736     sys         31        263      85.93       1.14       0.00      12.93      14.07      32.26
F1377785402     raw         23        109         93          8          3          8         19          9
F1377785402     sys         23        109      85.32       7.34       2.75       7.34      17.43      39.13
F1393417343     raw         32        335        260         14         12         61         87         22
F1393417343     sys         32        335      77.61       4.18       3.58      18.21      25.97      68.75
F13951102       raw         26        279        238         17         13         24         54         18
F13951102       sys         26        279      85.30       6.09       4.66       8.60      19.35      69.23
F1410317067     raw         31        375        367          3          0          5          8          5
F1410317067     sys         31        375      97.87       0.80       0.00       1.33       2.13      16.13
F1410415660     raw         36        267        251          2          2         14         18          7
F1410415660     sys         36        267      94.01       0.75       0.75       5.24       6.74      19.44
F151774050      raw         23        241        220          2          0         19         21          5
F151774050      sys         23        241      91.29       0.83       0.00       7.88       8.71      21.74
F16394698       raw         29        575        437         70         38         68        176         29
F16394698       sys         29        575      76.00      12.17       6.61      11.83      30.61     100.00
F169657933      raw         22        177        146          8          5         23         36         11
F169657933      sys         22        177      82.49       4.52       2.82      12.99      20.34      50.00
F181762618      raw         14        296        282          3          2         11         16          5
F181762618      sys         14        296      95.27       1.01       0.68       3.72       5.41      35.71
F189894946      raw          6        252        241          5          3          6         14          5
F189894946      sys          6        252      95.63       1.98       1.19       2.38       5.56      83.33
F189989252      raw         20        231        202          6          0         23         29          5
F189989252      sys         20        231      87.45       2.60       0.00       9.96      12.55      25.00
F190275293      raw         21        295        251          2          3         42         47         10
F190275293      sys         21        295      85.08       0.68       1.02      14.24      15.93      47.62
F195019358      raw         15        286        278          5         12          3         20          7
F195019358      sys         15        286      97.20       1.75       4.20       1.05       6.99      46.67
F196863556      raw         20         88         86          0          0          2          2          2
F196863556      sys         20         88      97.73       0.00       0.00       2.27       2.27      10.00
F199649581      raw         21        245        240          2         17          3         22          4
F199649581      sys         21        245      97.96       0.82       6.94       1.22       8.98      19.05
F2029497        raw         18        248        208          2          0         38         40         10
F2029497        sys         18        248      83.87       0.81       0.00      15.32      16.13      55.56
F218845330      raw         24        197        175          1          0         21         22          8
F218845330      sys         24        197      88.83       0.51       0.00      10.66      11.17      33.33
F228185323      raw         13         62         61          1          0          0          1          1
F228185323      sys         13         62      98.39       1.61       0.00       0.00       1.61       7.69
F236490140      raw         26        290        263          0         14         27         41         15
F236490140      sys         26        290      90.69       0.00       4.83       9.31      14.14      57.69
F240858801      raw         67        493        479          4          2         10         16          6
F240858801      sys         67        493      97.16       0.81       0.41       2.03       3.25       8.96
F249015260      raw         26        180        174          2          4          4         10          9
F249015260      sys         26        180      96.67       1.11       2.22       2.22       5.56      34.62
F250903799      raw         34        336        226         13          5         97        115         17
F250903799      sys         34        336      67.26       3.87       1.49      28.87      34.23      50.00
F25573971       raw         15        216        151         21         23         44         88         15
F25573971       sys         15        216      69.91       9.72      10.65      20.37      40.74     100.00
F260754758      raw         36        385        363          3         10         19         32         16
F260754758      sys         36        385      94.29       0.78       2.60       4.94       8.31      44.44
F261554405      raw         24        161        113         23          2         25         50         13
F261554405      sys         24        161      70.19      14.29       1.24      15.53      31.06      54.17
F266142232      raw         21        147        119          9         17         19         45         12
F266142232      sys         21        147      80.95       6.12      11.56      12.93      30.61      57.14
F269845660      raw         29        246        243          1          1          2          4          4
F269845660      sys         29        246      98.78       0.41       0.41       0.81       1.63      13.79
F270508625      raw         31        322        315          2          0          5          7          2
F270508625      sys         31        322      97.83       0.62       0.00       1.55       2.17       6.45
F280738565      raw         20        206        198          0          0          8          8          4
F280738565      sys         20        206      96.12       0.00       0.00       3.88       3.88      20.00
F28580180       raw         28        153        147          2          7          4         13          8
F28580180       sys         28        153      96.08       1.31       4.58       2.61       8.50      28.57
F290144460      raw         32        227        214          6          7          7         20         11
F290144460      sys         32        227      94.27       2.64       3.08       3.08       8.81      34.38
F299397483      raw         25        240        228          2          2         10         14          8
F299397483      sys         25        240      95.00       0.83       0.83       4.17       5.83      32.00
F299685340      raw         27        257        203          7          3         47         57         12
F299685340      sys         27        257      78.99       2.72       1.17      18.29      22.18      44.44
F304787586      raw         12        160        146          7          0          7         14          6
F304787586      sys         12        160      91.25       4.38       0.00       4.38       8.75      50.00
F305385990      raw         76       1214        927         35         12        252        299         53
F305385990      sys         76       1214      76.36       2.88       0.99      20.76      24.63      69.74
F323505547      raw         33        259        232          8          2         19         29         12
F323505547      sys         33        259      89.58       3.09       0.77       7.34      11.20      36.36
F33066217       raw         17        339        289          6          6         44         56         11
F33066217       sys         17        339      85.25       1.77       1.77      12.98      16.52      64.71
F333006356      raw         37        288        231          5          0         52         57         13
F333006356      sys         37        288      80.21       1.74       0.00      18.06      19.79      35.14
F338113947      raw         35        248        243          0          9          5         14          8
F338113947      sys         35        248      97.98       0.00       3.63       2.02       5.65      22.86
F344190956      raw         20        254        199          9          2         46         57         12
F344190956      sys         20        254      78.35       3.54       0.79      18.11      22.44      60.00
F344901170      raw         18        150        141          5          1          4         10          7
F344901170      sys         18        150      94.00       3.33       0.67       2.67       6.67      38.89
F347992584      raw         11        164        106         15          3         43         61          8
F347992584      sys         11        164      64.63       9.15       1.83      26.22      37.20      72.73
F356361017      raw         30        233        208          0          0         25         25          9
F356361017      sys         30        233      89.27       0.00       0.00      10.73      10.73      30.00
F361482855      raw         99        613        579         15         28         19         62         25
F361482855      sys         99        613      94.45       2.45       4.57       3.10      10.11      25.25
F363750030      raw         17        127        119          1          3          7         11          6
F363750030      sys         17        127      93.70       0.79       2.36       5.51       8.66      35.29
F370878337      raw         25        272        265          2         14          5         21          8
F370878337      sys         25        272      97.43       0.74       5.15       1.84       7.72      32.00
F380348595      raw         25        174        124          7          0         43         50         18
F380348595      sys         25        174      71.26       4.02       0.00      24.71      28.74      72.00
F381349333      raw         44        475        410         10          3         55         68         18
F381349333      sys         44        475      86.32       2.11       0.63      11.58      14.32      40.91
F387269721      raw         42        281        265          6         11         10         27         14
F387269721      sys         42        281      94.31       2.14       3.91       3.56       9.61      33.33
F396078094      raw         14        316        311          3          4          2          9          5
F396078094      sys         14        316      98.42       0.95       1.27       0.63       2.85      35.71
F397032667      raw         25        293        271          7          3         15         25          7
F397032667      sys         25        293      92.49       2.39       1.02       5.12       8.53      28.00
F40139354       raw          6        311        120         24          9        167        200          3
F40139354       sys          6        311      38.59       7.72       2.89      53.70      64.31      50.00
F402223075      raw         36        500        479         15         10          6         31         15
F402223075      sys         36        500      95.80       3.00       2.00       1.20       6.20      41.67
F409714814      raw         39        259        240          4          1         15         20         12
F409714814      sys         39        259      92.66       1.54       0.39       5.79       7.72      30.77
F416050662      raw          6         89         85          2          5          2          9          1
F416050662      sys          6         89      95.51       2.25       5.62       2.25      10.11      16.67
F422819641      raw         18        279        274          2          1          3          6          5
F422819641      sys         18        279      98.21       0.72       0.36       1.08       2.15      27.78
F423925286      raw          5         56         22          2          1         32         35          4
F423925286      sys          5         56      39.29       3.57       1.79      57.14      62.50      80.00
F425215637      raw         33        347        339          8          4          0         12          3
F425215637      sys         33        347      97.69       2.31       1.15       0.00       3.46       9.09
F429817452      raw         16        174        113         16          3         45         64         12
F429817452      sys         16        174      64.94       9.20       1.72      25.86      36.78      75.00
F431653211      raw         33        681        586         42          3         53         98         25
F431653211      sys         33        681      86.05       6.17       0.44       7.78      14.39      75.76
F432434503      raw          4         81         60          4          0         17         21          3
F432434503      sys          4         81      74.07       4.94       0.00      20.99      25.93      75.00
F433809462      raw         21        151        144          4          4          3         11          8
F433809462      sys         21        151      95.36       2.65       2.65       1.99       7.28      38.10
F434292047      raw        101        852        794         31         15         27         73         27
F434292047      sys        101        852      93.19       3.64       1.76       3.17       8.57      26.73
F435240778      raw         46        349        342          0          5          7         12          7
F435240778      sys         46        349      97.99       0.00       1.43       2.01       3.44      15.22
F435806936      raw         60        514        501          2          4         11         17         11
F435806936      sys         60        514      97.47       0.39       0.78       2.14       3.31      18.33
F436725159      raw         56        496        473          0          8         23         31          4
F436725159      sys         56        496      95.36       0.00       1.61       4.64       6.25       7.14
F439898896      raw          6        118        108          4          0          6         10          3
F439898896      sys          6        118      91.53       3.39       0.00       5.08       8.47      50.00
F442868307      raw         34        333        228         13          4         92        109         23
F442868307      sys         34        333      68.47       3.90       1.20      27.63      32.73      67.65
F443231157      raw         52        536        430         23         17         83        123         25
F443231157      sys         52        536      80.22       4.29       3.17      15.49      22.95      48.08
F443567961      raw         18         95         79          3          8         13         24          8
F443567961      sys         18         95      83.16       3.16       8.42      13.68      25.26      44.44
F447588597      raw         12        141        124          2          1         15         18          7
F447588597      sys         12        141      87.94       1.42       0.71      10.64      12.77      58.33
F447646519      raw         24        210        201          3          7          6         16          9
F447646519      sys         24        210      95.71       1.43       3.33       2.86       7.62      37.50
F447751729      raw         15        111         97          7          0          7         14          5
F447751729      sys         15        111      87.39       6.31       0.00       6.31      12.61      33.33
F449836950      raw         21        112        111          0          4          1          5          4
F449836950      sys         21        112      99.11       0.00       3.57       0.89       4.46      19.05
F451048162      raw         14        141        134          2          8          5         15          5
F451048162      sys         14        141      95.04       1.42       5.67       3.55      10.64      35.71
F455838357      raw         14        188        176          5          4          7         16          4
F455838357      sys         14        188      93.62       2.66       2.13       3.72       8.51      28.57
F468881716      raw         13        284        276          0          1          8          9          4
F468881716      sys         13        284      97.18       0.00       0.35       2.82       3.17      30.77
F474653283      raw         13        177        164          5          4          8         17          7
F474653283      sys         13        177      92.66       2.82       2.26       4.52       9.60      53.85
F475988714      raw         13        116         92          5          2         19         26          8
F475988714      sys         13        116      79.31       4.31       1.72      16.38      22.41      61.54
F476723709      raw         10         93         88          0          0          5          5          1
F476723709      sys         10         93      94.62       0.00       0.00       5.38       5.38      10.00
F480748236      raw         26        382        257         15          6        110        131         18
F480748236      sys         26        382      67.28       3.93       1.57      28.80      34.29      69.23
F491607115      raw         20        356        311          8          1         37         46          8
F491607115      sys         20        356      87.36       2.25       0.28      10.39      12.92      40.00
F493474858      raw          3         65         65          0          0          0          0          0
F493474858      sys          3         65     100.00       0.00       0.00       0.00       0.00       0.00
F497425119      raw         11        129         96          6          1         27         34         10
F497425119      sys         11        129      74.42       4.65       0.78      20.93      26.36      90.91
F501177812      raw          9         97         85          4          0          8         12          2
F501177812      sys          9         97      87.63       4.12       0.00       8.25      12.37      22.22
F510321798      raw         36        336        303         14          5         19         38         14
F510321798      sys         36        336      90.18       4.17       1.49       5.65      11.31      38.89
F515268533      raw         14        260        181         10          0         69         79         10
F515268533      sys         14        260      69.62       3.85       0.00      26.54      30.38      71.43
F541243743      raw         26        226        214          8         14          4         26          9
F541243743      sys         26        226      94.69       3.54       6.19       1.77      11.50      34.62
F543756324      raw         36        256        232         12          2         12         26         11
F543756324      sys         36        256      90.62       4.69       0.78       4.69      10.16      30.56
F55185104       raw         30        521        460          8          4         53         65         15
F55185104       sys         30        521      88.29       1.54       0.77      10.17      12.48      50.00
F561431582      raw         24        283        251          0          2         32         34         10
F561431582      sys         24        283      88.69       0.00       0.71      11.31      12.01      41.67
F564349523      raw         28        489        381         15          6         93        114         16
F564349523      sys         28        489      77.91       3.07       1.23      19.02      23.31      57.14
F566280723      raw         18        259        252          0          1          7          8          7
F566280723      sys         18        259      97.30       0.00       0.39       2.70       3.09      38.89
F567870781      raw         31        575        506         42          8         27         77         19
F567870781      sys         31        575      88.00       7.30       1.39       4.70      13.39      61.29
F584198010      raw          4         69         61          1         18          7         26          3
F584198010      sys          4         69      88.41       1.45      26.09      10.14      37.68      75.00
F585403542      raw         33        426        350          2          0         74         76         13
F585403542      sys         33        426      82.16       0.47       0.00      17.37      17.84      39.39
F595239384      raw         42        279        237         10          2         32         44         16
F595239384      sys         42        279      84.95       3.58       0.72      11.47      15.77      38.10
F595779312      raw         29        465        384         26          5         55         86         18
F595779312      sys         29        465      82.58       5.59       1.08      11.83      18.49      62.07
F597718658      raw         22        197        179          5          7         13         25         10
F597718658      sys         22        197      90.86       2.54       3.55       6.60      12.69      45.45
F62278691       raw         32        242        222          2          1         18         21          6
F62278691       sys         32        242      91.74       0.83       0.41       7.44       8.68      18.75
F63033441       raw         29        263        243          1          7         19         27         16
F63033441       sys         29        263      92.40       0.38       2.66       7.22      10.27      55.17
F631946391      raw         14         81         74          4          5          3         12          5
F631946391      sys         14         81      91.36       4.94       6.17       3.70      14.81      35.71
F63295685       raw         27        462        353         14          3         95        112         13
F63295685       sys         27        462      76.41       3.03       0.65      20.56      24.24      48.15
F647568384      raw         20        279        253          4          1         22         27          8
F647568384      sys         20        279      90.68       1.43       0.36       7.89       9.68      40.00
F668434028      raw         18        196        153         16          1         27         44         12
F668434028      sys         18        196      78.06       8.16       0.51      13.78      22.45      66.67
F678795855      raw         31        284        282          0          7          2          9          3
F678795855      sys         31        284      99.30       0.00       2.46       0.70       3.17       9.68
F688611635      raw         16        185        177          3          2          5         10          5
F688611635      sys         16        185      95.68       1.62       1.08       2.70       5.41      31.25
F700047990      raw         26        338        313          1          4         24         29         13
F700047990      sys         26        338      92.60       0.30       1.18       7.10       8.58      50.00
F715584554      raw         53        503        493          7          4          3         14         10
F715584554      sys         53        503      98.01       1.39       0.80       0.60       2.78      18.87
F74261709       raw         29        250        237          1          9         12         22         10
F74261709       sys         29        250      94.80       0.40       3.60       4.80       8.80      34.48
F742970476      raw         54        786        732         17         26         37         80         31
F742970476      sys         54        786      93.13       2.16       3.31       4.71      10.18      57.41
F744101685      raw         73        793        671         18         23        104        145         43
F744101685      sys         73        793      84.62       2.27       2.90      13.11      18.28      58.90
F748887319      raw          2          8          8          0          4          0          4          1
F748887319      sys          2          8     100.00       0.00      50.00       0.00      50.00      50.00
F759479865      raw         24        263        212          2          8         49         59         12
F759479865      sys         24        263      80.61       0.76       3.04      18.63      22.43      50.00
F769324817      raw         25        429        365         20         16         44         80         17
F769324817      sys         25        429      85.08       4.66       3.73      10.26      18.65      68.00
F784665417      raw         44        542        336         32          0        174        206         29
F784665417      sys         44        542      61.99       5.90       0.00      32.10      38.01      65.91
F796589454      raw          6        152        149          2          4          1          7          3
F796589454      sys          6        152      98.03       1.32       2.63       0.66       4.61      50.00
F810328190      raw         11        258        245          8         10          5         23          7
F810328190      sys         11        258      94.96       3.10       3.88       1.94       8.91      63.64
F822907315      raw         63        448        391          4          6         53         63         19
F822907315      sys         63        448      87.28       0.89       1.34      11.83      14.06      30.16
F833021197      raw         19        282        268          4          3         10         17          5
F833021197      sys         19        282      95.04       1.42       1.06       3.55       6.03      26.32
F847253054      raw         22        131        130          0          0          1          1          1
F847253054      sys         22        131      99.24       0.00       0.00       0.76       0.76       4.55
F860537375      raw         10        217        200          2          2         15         19          6
F860537375      sys         10        217      92.17       0.92       0.92       6.91       8.76      60.00
F871380095      raw         26        238        233          5         21          0         26          7
F871380095      sys         26        238      97.90       2.10       8.82       0.00      10.92      26.92
F877651377      raw         36        353        346          4          9          3         16         12
F877651377      sys         36        353      98.02       1.13       2.55       0.85       4.53      33.33
F884965338      raw         15        371        198         89          5         84        178         13
F884965338      sys         15        371      53.37      23.99       1.35      22.64      47.98      86.67
F890411244      raw         57        607        547         16          7         44         67         28
F890411244      sys         57        607      90.12       2.64       1.15       7.25      11.04      49.12
F920049556      raw         52        535        408         26         19        101        146         30
F920049556      sys         52        535      76.26       4.86       3.55      18.88      27.29      57.69
F92656507       raw          4         18         17          1          1          0          2          2
F92656507       sys          4         18      94.44       5.56       5.56       0.00      11.11      50.00
M1000419465     raw         30        173        170          1          1          2          4          4
M1000419465     sys         30        173      98.27       0.58       0.58       1.16       2.31      13.33
M1002045214     raw         21        316        265         12          6         39         57         10
M1002045214     sys         21        316      83.86       3.80       1.90      12.34      18.04      47.62
M1030025839     raw          6        319        260          3          1         56         60          1
M1030025839     sys          6        319      81.50       0.94       0.31      17.55      18.81      16.67
M107976794      raw         11        287        181         36          5         70        111         10
M107976794      sys         11        287      63.07      12.54       1.74      24.39      38.68      90.91
M111291956      raw         40        340        335          1          2          4          7          5
M111291956      sys         40        340      98.53       0.29       0.59       1.18       2.06      12.50
M112745086      raw         63        347        339          4          7          4         15         13
M112745086      sys         63        347      97.69       1.15       2.02       1.15       4.32      20.63
M1128839096     raw         10        143        129          1          4         13         18          7
M1128839096     sys         10        143      90.21       0.70       2.80       9.09      12.59      70.00
M117155791      raw         28        443        398          7          4         38         49         17
M117155791      sys         28        443      89.84       1.58       0.90       8.58      11.06      60.71
M1188701401     raw          3         38         38          0          0          0          0          0
M1188701401     sys          3         38     100.00       0.00       0.00       0.00       0.00       0.00
M1189175759     raw         25        399        391          2          0          6          8          5
M1189175759     sys         25        399      97.99       0.50       0.00       1.50       2.01      20.00
M1201032696     raw         13        207        199          5          4          3         12          4
M1201032696     sys         13        207      96.14       2.42       1.93       1.45       5.80      30.77
M121405584      raw          4         25         12          6          1          7         14          4
M121405584      sys          4         25      48.00      24.00       4.00      28.00      56.00     100.00
M121639960      raw         14        116         95          2          1         19         22          6
M121639960      sys         14        116      81.90       1.72       0.86      16.38      18.97      42.86
M1217441331     raw         30        250        248          0          7          2          9          6
M1217441331     sys         30        250      99.20       0.00       2.80       0.80       3.60      20.00
M1222356471     raw         23        244        242          1          4          1          6          3
M1222356471     sys         23        244      99.18       0.41       1.64       0.41       2.46      13.04
M124323107      raw          2         93         89          3          1          1          5          2
M124323107      sys          2         93      95.70       3.23       1.08       1.08       5.38     100.00
M1248525436     raw         22        320        313          4         10          3         17          6
M1248525436     sys         22        320      97.81       1.25       3.12       0.94       5.31      27.27
M12593891       raw          8         78         70          3          0          5          8          4
M12593891       sys          8         78      89.74       3.85       0.00       6.41      10.26      50.00
M127247669      raw         24        229        193          2          3         34         39         13
M127247669      sys         24        229      84.28       0.87       1.31      14.85      17.03      54.17
M1276658267     raw         43        451        438          2          3         11         16          5
M1276658267     sys         43        451      97.12       0.44       0.67       2.44       3.55      11.63
M1294100621     raw         14        229        184         12          2         33         47          8
M1294100621     sys         14        229      80.35       5.24       0.87      14.41      20.52      57.14
M1297703429     raw         13        191        162         11          8         18         37          9
M1297703429     sys         13        191      84.82       5.76       4.19       9.42      19.37      69.23
M1302184198     raw          1          1          0          1          0          0          1          1
M1302184198     sys          1          1       0.00     100.00       0.00       0.00     100.00     100.00
M132398937      raw         38        217        209          3          2          5         10          5
M132398937      sys         38        217      96.31       1.38       0.92       2.30       4.61      13.16
M1324093404     raw         25        163        151         11          4          1         16          8
M1324093404     sys         25        163      92.64       6.75       2.45       0.61       9.82      32.00
M1330235219     raw          9         79         50         11          6         18         35          8
M1330235219     sys          9         79      63.29      13.92       7.59      22.78      44.30      88.89
M1330336739     raw          8         73         63          5          6          5         16          4
M1330336739     sys          8         73      86.30       6.85       8.22       6.85      21.92      50.00
M1333381954     raw         17        232        179         29         46         24         99         12
M1333381954     sys         17        232      77.16      12.50      19.83      10.34      42.67      70.59
M1334708601     raw         53        744        480         48         16        216        280         45
M1334708601     sys         53        744      64.52       6.45       2.15      29.03      37.63      84.91
M1335982530     raw         62        438        394         14         12         30         56         18
M1335982530     sys         62        438      89.95       3.20       2.74       6.85      12.79      29.03
M1336419918     raw         29        337        255         28         14         54         96         16
M1336419918     sys         29        337      75.67       8.31       4.15      16.02      28.49      55.17
M1338611540     raw         10         62         31          3          0         28         31          6
M1338611540     sys         10         62      50.00       4.84       0.00      45.16      50.00      60.00
M1338990790     raw         29        398        307         17          0         74         91         19
M1338990790     sys         29        398      77.14       4.27       0.00      18.59      22.86      65.52
M1341707813     raw         20        287        270          5          3         12         20          9
M1341707813     sys         20        287      94.08       1.74       1.05       4.18       6.97      45.00
M1343340906     raw         20        127        116          1          4         10         15          6
M1343340906     sys         20        127      91.34       0.79       3.15       7.87      11.81      30.00
M1344894347     raw          7        229        220          6         87          3         96          5
M1344894347     sys          7        229      96.07       2.62      37.99       1.31      41.92      71.43
M1348262615     raw         20        218        207          2          2          9         13          5
M1348262615     sys         20        218      94.95       0.92       0.92       4.13       5.96      25.00
M1348840407     raw         41        445        413          9          2         23         34         14
M1348840407     sys         41        445      92.81       2.02       0.45       5.17       7.64      34.15
M1350215757     raw         18        190        175          6          4          9         19          7
M1350215757     sys         18        190      92.11       3.16       2.11       4.74      10.00      38.89
M135249893      raw         18        150        125          6          2         19         27         10
M135249893      sys         18        150      83.33       4.00       1.33      12.67      18.00      55.56
M1355087437     raw          4        118         96          6          0         16         22          3
M1355087437     sys          4        118      81.36       5.08       0.00      13.56      18.64      75.00
M1364255883     raw          1          1          1          0          0          0          0          0
M1364255883     sys          1          1     100.00       0.00       0.00       0.00       0.00       0.00
M1367335197     raw         16        164        162          0          3          2          5          4
M1367335197     sys         16        164      98.78       0.00       1.83       1.22       3.05      25.00
M1369913871     raw         28        494        316         26         22        152        200         25
M1369913871     sys         28        494      63.97       5.26       4.45      30.77      40.49      89.29
M1371271        raw         17        104         92          3         17          9         29          9
M1371271        sys         17        104      88.46       2.88      16.35       8.65      27.88      52.94
M1389832990     raw          3        622        167         65          0        390        455          3
M1389832990     sys          3        622      26.85      10.45       0.00      62.70      73.15     100.00
M1395887619     raw         13        314        265          5          2         44         51          9
M1395887619     sys         13        314      84.39       1.59       0.64      14.01      16.24      69.23
M1407301834     raw         24        315        260          4         14         51         69         14
M1407301834     sys         24        315      82.54       1.27       4.44      16.19      21.90      58.33
M144442992      raw         23        405        398          0          2          7          9          7
M144442992      sys         23        405      98.27       0.00       0.49       1.73       2.22      30.43
M162608079      raw         25        277        198         45          4         34         83         18
M162608079      sys         25        277      71.48      16.25       1.44      12.27      29.96      72.00
M164219604      raw         27        299        232         22         10         45         77         13
M164219604      sys         27        299      77.59       7.36       3.34      15.05      25.75      48.15
M168328590      raw         17        124        119          2          0          3          5          2
M168328590      sys         17        124      95.97       1.61       0.00       2.42       4.03      11.76
M175408183      raw         21        300        255         13          7         32         52         15
M175408183      sys         21        300      85.00       4.33       2.33      10.67      17.33      71.43
M185782101      raw         26        248        186         11          7         51         69         17
M185782101      sys         26        248      75.00       4.44       2.82      20.56      27.82      65.38
M196219813      raw         15        205         93         14          0         98        112         13
M196219813      sys         15        205      45.37       6.83       0.00      47.80      54.63      86.67
M214082593      raw         45        522        500          2          9         20         31         20
M214082593      sys         45        522      95.79       0.38       1.72       3.83       5.94      44.44
M225144385      raw         22        328        328          0          0          0          0          0
M225144385      sys         22        328     100.00       0.00       0.00       0.00       0.00       0.00
M226914342      raw         20        164        148          2          1         14         17          6
M226914342      sys         20        164      90.24       1.22       0.61       8.54      10.37      30.00
M23610024       raw         11        112         91          5          0         16         21          3
M23610024       sys         11        112      81.25       4.46       0.00      14.29      18.75      27.27
M242124169      raw         20        398        390          1          1          7          9          5
M242124169      sys         20        398      97.99       0.25       0.25       1.76       2.26      25.00
M244641265      raw         15        286        279          3          5          4         12          7
M244641265      sys         15        286      97.55       1.05       1.75       1.40       4.20      46.67
M250848004      raw         13        170        166          0          3          4          7          4
M250848004      sys         13        170      97.65       0.00       1.76       2.35       4.12      30.77
M251034790      raw         15        311        270         21          6         20         47         13
M251034790      sys         15        311      86.82       6.75       1.93       6.43      15.11      86.67
M257946387      raw         17        294        289          3          5          2         10          7
M257946387      sys         17        294      98.30       1.02       1.70       0.68       3.40      41.18
M259599446      raw         20        266        242          3          8         21         32         13
M259599446      sys         20        266      90.98       1.13       3.01       7.89      12.03      65.00
M267587425      raw         10        208        203          1          1          4          6          5
M267587425      sys         10        208      97.60       0.48       0.48       1.92       2.88      50.00
M269408401      raw         14        150        132          3          0         15         18          5
M269408401      sys         14        150      88.00       2.00       0.00      10.00      12.00      35.71
M272458001      raw          1          8          6          2         22          0         24          1
M272458001      sys          1          8      75.00      25.00     275.00       0.00     300.00     100.00
M275719765      raw         30        472        396         19          8         57         84         21
M275719765      sys         30        472      83.90       4.03       1.69      12.08      17.80      70.00
M286080008      raw         18        197        112         11          0         74         85         14
M286080008      sys         18        197      56.85       5.58       0.00      37.56      43.15      77.78
M286743656      raw         20        213        192         14          2          7         23          8
M286743656      sys         20        213      90.14       6.57       0.94       3.29      10.80      40.00
M322286556      raw         29        176        171          1          0          4          5          4
M322286556      sys         29        176      97.16       0.57       0.00       2.27       2.84      13.79
M323954119      raw         22        280        211         16          1         53         70         15
M323954119      sys         22        280      75.36       5.71       0.36      18.93      25.00      68.18
M328910271      raw         14        357        321          2          2         34         38          8
M328910271      sys         14        357      89.92       0.56       0.56       9.52      10.64      57.14
M330901168      raw         21        188        185          0          3          3          6          5
M330901168      sys         21        188      98.40       0.00       1.60       1.60       3.19      23.81
M33552579       raw          6         52         36          5          0         11         16          3
M33552579       sys          6         52      69.23       9.62       0.00      21.15      30.77      50.00
M342905676      raw         46        294        275          9          6         10         25         14
M342905676      sys         46        294      93.54       3.06       2.04       3.40       8.50      30.43
M362369493      raw         14        163        136         14          4         13         31          5
M362369493      sys         14        163      83.44       8.59       2.45       7.98      19.02      35.71
M365633052      raw         27        115         93         11          1         11         23         10
M365633052      sys         27        115      80.87       9.57       0.87       9.57      20.00      37.04
M373516297      raw         28        272        254         13         13          5         31         13
M373516297      sys         28        272      93.38       4.78       4.78       1.84      11.40      46.43
M374046488      raw          3         65         64          0          2          1          3          2
M374046488      sys          3         65      98.46       0.00       3.08       1.54       4.62      66.67
M375068404      raw         10        110         92          4          7         14         25          8
M375068404      sys         10        110      83.64       3.64       6.36      12.73      22.73      80.00
M379489443      raw         21        168        126         10          3         32         45         10
M379489443      sys         21        168      75.00       5.95       1.79      19.05      26.79      47.62
M380815715      raw         20        234        214          0          5         20         25          8
M380815715      sys         20        234      91.45       0.00       2.14       8.55      10.68      40.00
M383657449      raw         36        275        273          0          8          2         10         10
M383657449      sys         36        275      99.27       0.00       2.91       0.73       3.64      27.78
M386648661      raw         20        267        260          3          0          4          7          3
M386648661      sys         20        267      97.38       1.12       0.00       1.50       2.62      15.00
M388765895      raw         46        312        285         12          9         15         36         16
M388765895      sys         46        312      91.35       3.85       2.88       4.81      11.54      34.78
M40417113       raw         18        163        155          7         14          1         22          5
M40417113       sys         18        163      95.09       4.29       8.59       0.61      13.50      27.78
M408264711      raw         24        293        267          8          3         18         29          6
M408264711      sys         24        293      91.13       2.73       1.02       6.14       9.90      25.00
M410070353      raw         23        112        112          0          1          0          1          1
M410070353      sys         23        112     100.00       0.00       0.89       0.00       0.89       4.35
M41039484       raw         21        156        151          2          1          3          6          4
M41039484       sys         21        156      96.79       1.28       0.64       1.92       3.85      19.05
M421598033      raw         33        359        302         12          7         45         64         21
M421598033      sys         33        359      84.12       3.34       1.95      12.53      17.83      63.64
M423858313      raw         18        169        163          1          4          5         10          5
M423858313      sys         18        169      96.45       0.59       2.37       2.96       5.92      27.78
M430940100      raw          4         66         58          7         11          1         19          4
M430940100      sys          4         66      87.88      10.61      16.67       1.52      28.79     100.00
M434403605      raw         22        179        150          6          0         23         29          8
M434403605      sys         22        179      83.80       3.35       0.00      12.85      16.20      36.36
M434535751      raw         13        202        199          1          2          2          5          3
M434535751      sys         13        202      98.51       0.50       0.99       0.99       2.48      23.08
M435196084      raw         16        119         93         18          4          8         30          8
M435196084      sys         16        119      78.15      15.13       3.36       6.72      25.21      50.00
M440399846      raw         39        840        516         82         32        242        356         27
M440399846      sys         39        840      61.43       9.76       3.81      28.81      42.38      69.23
M440547756      raw         48        512        433         44          8         35         87         21
M440547756      sys         48        512      84.57       8.59       1.56       6.84      16.99      43.75
M442134683      raw          4         40          7          1          0         32         33          4
M442134683      sys          4         40      17.50       2.50       0.00      80.00      82.50     100.00
M442741649      raw         23        301        240         10          4         51         65         11
M442741649      sys         23        301      79.73       3.32       1.33      16.94      21.59      47.83
M448151779      raw         60        988        919         17         26         52         95         33
M448151779      sys         60        988      93.02       1.72       2.63       5.26       9.62      55.00
M449054207      raw         94        996        851         21         10        124        155         42
M449054207      sys         94        996      85.44       2.11       1.00      12.45      15.56      44.68
M454114         raw         17        321        296          4          7         21         32          6
M454114         sys         17        321      92.21       1.25       2.18       6.54       9.97      35.29
M461593341      raw         14        100         94          3          0          3          6          2
M461593341      sys         14        100      94.00       3.00       0.00       3.00       6.00      14.29
M465900495      raw         25        111        111          0         14          0         14         10
M465900495      sys         25        111     100.00       0.00      12.61       0.00      12.61      40.00
M468212920      raw         38        242        237          5          6          0         11          7
M468212920      sys         38        242      97.93       2.07       2.48       0.00       4.55      18.42
M470721603      raw         13        220        162          7          2         51         60          8
M470721603      sys         13        220      73.64       3.18       0.91      23.18      27.27      61.54
M470802185      raw         73        776        553          7          5        216        228         35
M470802185      sys         73        776      71.26       0.90       0.64      27.84      29.38      47.95
M4718877        raw         23        205        169         16         10         20         46         10
M4718877        sys         23        205      82.44       7.80       4.88       9.76      22.44      43.48
M472508547      raw         23        150        145          4          3          1          8          4
M472508547      sys         23        150      96.67       2.67       2.00       0.67       5.33      17.39
M473076066      raw         18        140        125          1          0         14         15          6
M473076066      sys         18        140      89.29       0.71       0.00      10.00      10.71      33.33
M473434195      raw         36        295        276          9          0         10         19         11
M473434195      sys         36        295      93.56       3.05       0.00       3.39       6.44      30.56
M479231683      raw         25        258        236         10         17         12         39         13
M479231683      sys         25        258      91.47       3.88       6.59       4.65      15.12      52.00
M481595491      raw         39        280        267          1          0         12         13          6
M481595491      sys         39        280      95.36       0.36       0.00       4.29       4.64      15.38
M485285471      raw         32        226        222          3         14          1         18          6
M485285471      sys         32        226      98.23       1.33       6.19       0.44       7.96      18.75
M496682159      raw         48        662        592         10         10         60         80         27
M496682159      sys         48        662      89.43       1.51       1.51       9.06      12.08      56.25
M503643533      raw         18        181        162          3          0         16         19          7
M503643533      sys         18        181      89.50       1.66       0.00       8.84      10.50      38.89
M516441163      raw         60        756        651         20         17         85        122         33
M516441163      sys         60        756      86.11       2.65       2.25      11.24      16.14      55.00
M518766595      raw         11        140        134          0          4          6         10          4
M518766595      sys         11        140      95.71       0.00       2.86       4.29       7.14      36.36
M519909720      raw         14        146        138          1          4          7         12          5
M519909720      sys         14        146      94.52       0.68       2.74       4.79       8.22      35.71
M529522957      raw         22        214        211          3         15          0         18          5
M529522957      sys         22        214      98.60       1.40       7.01       0.00       8.41      22.73
M535483593      raw         13         70         67          1          0          2          3          3
M535483593      sys         13         70      95.71       1.43       0.00       2.86       4.29      23.08
M539147749      raw         52        307        294          1          0         12         13         12
M539147749      sys         52        307      95.77       0.33       0.00       3.91       4.23      23.08
M541557958      raw         16        328        285          6          1         37         44          9
M541557958      sys         16        328      86.89       1.83       0.30      11.28      13.41      56.25
M551469773      raw         28        181        120          2          0         59         61         13
M551469773      sys         28        181      66.30       1.10       0.00      32.60      33.70      46.43
M551762699      raw         22        299        276          1          0         22         23          8
M551762699      sys         22        299      92.31       0.33       0.00       7.36       7.69      36.36
M554745681      raw          2         30          5          1          0         24         25          2
M554745681      sys          2         30      16.67       3.33       0.00      80.00      83.33     100.00
M555404170      raw         31        284        191         12          6         81         99         22
M555404170      sys         31        284      67.25       4.23       2.11      28.52      34.86      70.97
M556909673      raw         89       1050        976         12         19         62         93         23
M556909673      sys         89       1050      92.95       1.14       1.81       5.90       8.86      25.84
M558179175      raw         29        280        232         10         30         38         78         25
M558179175      sys         29        280      82.86       3.57      10.71      13.57      27.86      86.21
M558355066      raw         12        404        395          4          0          5          9          4
M558355066      sys         12        404      97.77       0.99       0.00       1.24       2.23      33.33
M565341445      raw         34        483        444         12         15         27         54         12
M565341445      sys         34        483      91.93       2.48       3.11       5.59      11.18      35.29
M565747737      raw         37        432        303         24          5        105        134         19
M565747737      sys         37        432      70.14       5.56       1.16      24.31      31.02      51.35
M572078517      raw         26        279        227          6          2         46         54         15
M572078517      sys         26        279      81.36       2.15       0.72      16.49      19.35      57.69
M574146148      raw         11        131        130          1         23          0         24          4
M574146148      sys         11        131      99.24       0.76      17.56       0.00      18.32      36.36
M585274004      raw         19        237        201          2          0         34         36          6
M585274004      sys         19        237      84.81       0.84       0.00      14.35      15.19      31.58
M592696098      raw         13        247        230          9         13          8         30          9
M592696098      sys         13        247      93.12       3.64       5.26       3.24      12.15      69.23
M610512636      raw         29        227        218          5         12          4         21         10
M610512636      sys         29        227      96.04       2.20       5.29       1.76       9.25      34.48
M616900391      raw         32        312        254         11         15         47         73         17
M616900391      sys         32        312      81.41       3.53       4.81      15.06      23.40      53.12
M619549202      raw         22        280        269          0          1         11         12          5
M619549202      sys         22        280      96.07       0.00       0.36       3.93       4.29      22.73
M637574978      raw          5        278        254         19         16          5         40          3
M637574978      sys          5        278      91.37       6.83       5.76       1.80      14.39      60.00
M6381048        raw         34        392        382          4          4          6         14         11
M6381048        sys         34        392      97.45       1.02       1.02       1.53       3.57      32.35
M644995110      raw         18        205        203          0          0          2          2          2
M644995110      sys         18        205      99.02       0.00       0.00       0.98       0.98      11.11
M647460183      raw         16        198        162          5         17         31         53         10
M647460183      sys         16        198      81.82       2.53       8.59      15.66      26.77      62.50
M704245428      raw         12        145        143          0          0          2          2          2
M704245428      sys         12        145      98.62       0.00       0.00       1.38       1.38      16.67
M70737217       raw         27        190        156          4          0         30         34         14
M70737217       sys         27        190      82.11       2.11       0.00      15.79      17.89      51.85
M71252152       raw          6         27         20          1          2          6          9          2
M71252152       sys          6         27      74.07       3.70       7.41      22.22      33.33      33.33
M719657100      raw         69        712        640         20         17         52         89         30
M719657100      sys         69        712      89.89       2.81       2.39       7.30      12.50      43.48
M72789914       raw         34        286        278          3          5          5         13          8
M72789914       sys         34        286      97.20       1.05       1.75       1.75       4.55      23.53
M737043294      raw         15        391        379          9          4          3         16          5
M737043294      sys         15        391      96.93       2.30       1.02       0.77       4.09      33.33
M754006719      raw         31        207        198          3          5          6         14          8
M754006719      sys         31        207      95.65       1.45       2.42       2.90       6.76      25.81
M756830524      raw         27        346        283         25          6         38         69         21
M756830524      sys         27        346      81.79       7.23       1.73      10.98      19.94      77.78
M76656935       raw         19        120        117          1          1          2          4          4
M76656935       sys         19        120      97.50       0.83       0.83       1.67       3.33      21.05
M76794689       raw          3         36         29          2          1          5          8          2
M76794689       sys          3         36      80.56       5.56       2.78      13.89      22.22      66.67
M784199980      raw          3         52         50          0          1          2          3          2
M784199980      sys          3         52      96.15       0.00       1.92       3.85       5.77      66.67
M789152069      raw         41        260        246          5         12          9         26         13
M789152069      sys         41        260      94.62       1.92       4.62       3.46      10.00      31.71
M790937062      raw         16        269        196         53         11         20         84         15
M790937062      sys         16        269      72.86      19.70       4.09       7.43      31.23      93.75
M816941465      raw         18        135        107          2          1         26         29          7
M816941465      sys         18        135      79.26       1.48       0.74      19.26      21.48      38.89
M820560974      raw         39        405        363         10          5         32         47         16
M820560974      sys         39        405      89.63       2.47       1.23       7.90      11.60      41.03
M828694054      raw         11        125        102         15          4          8         27          8
M828694054      sys         11        125      81.60      12.00       3.20       6.40      21.60      72.73
M833109745      raw         16         79         78          1          2          0          3          2
M833109745      sys         16         79      98.73       1.27       2.53       0.00       3.80      12.50
M833915065      raw         23        185        173          9         11          3         23         10
M833915065      sys         23        185      93.51       4.86       5.95       1.62      12.43      43.48
M835227631      raw          5        612        439         26          2        147        175          4
M835227631      sys          5        612      71.73       4.25       0.33      24.02      28.59      80.00
M837810330      raw         20        242        225          4          6         13         23         13
M837810330      sys         20        242      92.98       1.65       2.48       5.37       9.50      65.00
M84390793       raw         42        574        564          6         15          4         25         12
M84390793       sys         42        574      98.26       1.05       2.61       0.70       4.36      28.57
M849066217      raw         20        207        207          0          4          0          4          3
M849066217      sys         20        207     100.00       0.00       1.93       0.00       1.93      15.00
M849148130      raw        199       3037       2966         35         66         36        137         58
M849148130      sys        199       3037      97.66       1.15       2.17       1.19       4.51      29.15
M853667763      raw         26        366        313         32         10         21         63         15
M853667763      sys         26        366      85.52       8.74       2.73       5.74      17.21      57.69
M856376576      raw         35        270        235         15          4         20         39         18
M856376576      sys         35        270      87.04       5.56       1.48       7.41      14.44      51.43
M863295486      raw         25        215        192          0          0         23         23          7
M863295486      sys         25        215      89.30       0.00       0.00      10.70      10.70      28.00
M896423218      raw          8        152        152          0          0          0          0          0
M896423218      sys          8        152     100.00       0.00       0.00       0.00       0.00       0.00
M909014286      raw         30        210        190          1          1         19         21         10
M909014286      sys         30        210      90.48       0.48       0.48       9.05      10.00      33.33
M922539668      raw         17        184        167          7          3         10         20          7
M922539668      sys         17        184      90.76       3.80       1.63       5.43      10.87      41.18
M930512         raw         18        191        190          0          3          1          4          2
M930512         sys         18        191      99.48       0.00       1.57       0.52       2.09      11.11
M933750823      raw         18        164        135          4         21         25         50         10
M933750823      sys         18        164      82.32       2.44      12.80      15.24      30.49      55.56
M937300497      raw         13        197        191          2          7          4         13          7
M937300497      sys         13        197      96.95       1.02       3.55       2.03       6.60      53.85
SUM             raw       8794      99932      87203       3114       2143       9615      14872       3621
SUM             sys       8794      99932      87.26       3.12       2.14       9.62      14.88      41.18
